####################################################################################################################################
# VariableX                NbiXn   MinX   MaxX        LabelX     VariableY                 NbinY   MinY   MaxY         LabelY
####################################################################################################################################
Asim_j                       5      0,0.1,0.2,0.3,0.5,0.9          A_{j}   ASimLL_SC                   5      0,0.1,0.2,0.3,0.5,0.9         A_{SS}
Asim_j                       5      0,0.1,0.2,0.3,0.5,0.9          A_{j}   ASimLL_Z                    5      0,0.1,0.2,0.3,0.5,0.9         A_{SFOS}
Asim_j                       5      0,0.1,0.2,0.3,0.5,0.9          A_{j}   RLL_SC                     8      0,0.3,0.6,0.9,1.5,2.5,4,6,10          R_{SS}
Asim_j                       5      0,0.1,0.2,0.3,0.5,0.9          A_{j}   RLL_Z                      8      0,0.3,0.6,0.9,1.5,2.5,4,6,10          R_{SFOS}
Asim_j                       5      0,0.1,0.2,0.3,0.5,0.9          A_{j}   DeltaPhi_JJ                8      0,0.4,0.8,1.2,1.6,2,2.4,2.8,3.14        #Delta#phi_{jj}
Asim_j                       5      0,0.1,0.2,0.3,0.5,0.9          A_{j}   deltaPhiLL_SC              8      0,0.4,0.8,1.2,1.6,2,2.4,2.8,3.14        #Delta#phi_{SS}
Asim_j                       5      0,0.1,0.2,0.3,0.5,0.9          A_{j}   deltaPhiLL_Z               8      0,0.4,0.8,1.2,1.6,2,2.4,2.8,3.14        #Delta#phi_{SFOS}
Asim_j                       5      0,0.1,0.2,0.3,0.5,0.9          A_{j}   deltaEtaLL_SC              10       3,3.3,3.6,3.9,4.3,4.7,5.2,5.8,6.5,7.2,9	        #Delta#eta_{SS}
Asim_j                       5      0,0.1,0.2,0.3,0.5,0.9          A_{j}   deltaEtaLL_Z               10       3,3.3,3.6,3.9,4.3,4.7,5.2,5.8,6.5,7.2,9	        #Delta#eta_{SFOS}
Asim_j                       5      0,0.1,0.2,0.3,0.5,0.9          A_{j}   deltaRLL_SC             	 10       3,3.3,3.6,3.9,4.3,4.7,5.2,5.8,6.5,7.2,9	        #DeltaR_{SS}
Asim_j                       5      0,0.1,0.2,0.3,0.5,0.9          A_{j}   deltaRLL_Z              	 10       3,3.3,3.6,3.9,4.3,4.7,5.2,5.8,6.5,7.2,9	        #DeltaR_{SFOS}
Asim_j                       5      0,0.1,0.2,0.3,0.5,0.9          A_{j}   ptj2                       10     30,40,50,70,80,90,110,140,180,250,400         p_{T}^{j2}
Asim_j                       5      0,0.1,0.2,0.3,0.5,0.9          A_{j}   detajj                     8      3,3.5,4,4.35,4.7,5,5.5,6.3,8.5           #Delta#eta_{jj}
Asim_j                       5      0,0.1,0.2,0.3,0.5,0.9          A_{j}   mjj                        10     700,900,1100,1300,1400,1600,1800,2200,2800,3500,5000         m_{jj}
Asim_j                       5      0,0.1,0.2,0.3,0.5,0.9          A_{j}   ptjj                       10     700,900,1100,1300,1400,1600,1800,2200,2800,3500,5000         p_{T}^{jj}
Asim_j                       5      0,0.1,0.2,0.3,0.5,0.9          A_{j}   ptl2                       8      20,30,40,50,60,70,100,150,300         p_{T}^{l2}
Asim_j                       5      0,0.1,0.2,0.3,0.5,0.9          A_{j}   ptl3                       8      20,30,40,50,60,70,100,150,300         p_{T}^{l3}
Asim_j                       5      0,0.1,0.2,0.3,0.5,0.9          A_{j}   ptll                       8      20,60,80,100,130,160,200,250,400         p_{T}^{ll}
Asim_j                       5      0,0.1,0.2,0.3,0.5,0.9          A_{j}   ptlll                       8      20,60,80,100,130,160,200,250,400         p_{T}^{lll}
Asim_j                       5      0,0.1,0.2,0.3,0.5,0.9          A_{j}   ptLLLMet                   10     30,40,50,70,80,90,110,140,180,250,400         p_{T}^{lllmet}
Asim_j                       5      0,0.1,0.2,0.3,0.5,0.9          A_{j}   ptJJ_LLLMet                10     30,40,50,70,80,90,110,140,180,250,400         p_{T}^{jjlllmet}
Asim_j                       5      0,0.1,0.2,0.3,0.5,0.9          A_{j}   mll                        8      20,60,80,100,130,160,200,250,400         m_{ll}
Asim_j                       5      0,0.1,0.2,0.3,0.5,0.9          A_{j}   mlll                       8      20,60,80,100,130,160,200,250,400         m_{lll}
Asim_j                       5      0,0.1,0.2,0.3,0.5,0.9          A_{j}   mTwz                       8      20,60,80,100,130,160,200,250,400         m_{T}^{lllmet}
#
ASimLL_SC                       5      0,0.1,0.2,0.3,0.5,0.9          A_{SS}   ASimLL_Z                    5      0,0.1,0.2,0.3,0.5,0.9         A_{SFOS}
ASimLL_SC                       5      0,0.1,0.2,0.3,0.5,0.9          A_{SS}   RLL_SC                     8      0,0.3,0.6,0.9,1.5,2.5,4,6,10          R_{SS}
ASimLL_SC                       5      0,0.1,0.2,0.3,0.5,0.9          A_{SS}   RLL_Z                      8      0,0.3,0.6,0.9,1.5,2.5,4,6,10          R_{SFOS}
ASimLL_SC                       5      0,0.1,0.2,0.3,0.5,0.9          A_{SS}   DeltaPhi_JJ                8      0,0.4,0.8,1.2,1.6,2,2.4,2.8,3.14        #Delta#phi_{jj}
ASimLL_SC                       5      0,0.1,0.2,0.3,0.5,0.9          A_{SS}   deltaPhiLL_SC              8      0,0.4,0.8,1.2,1.6,2,2.4,2.8,3.14        #Delta#phi_{SS}
ASimLL_SC                       5      0,0.1,0.2,0.3,0.5,0.9          A_{SS}   deltaPhiLL_Z               8      0,0.4,0.8,1.2,1.6,2,2.4,2.8,3.14        #Delta#phi_{SFOS}
ASimLL_SC                       5      0,0.1,0.2,0.3,0.5,0.9          A_{SS}   deltaEtaLL_SC              10       3,3.3,3.6,3.9,4.3,4.7,5.2,5.8,6.5,7.2,9	        #Delta#eta_{SS}
ASimLL_SC                       5      0,0.1,0.2,0.3,0.5,0.9          A_{SS}   deltaEtaLL_Z               10       3,3.3,3.6,3.9,4.3,4.7,5.2,5.8,6.5,7.2,9	        #Delta#eta_{SFOS}
ASimLL_SC                       5      0,0.1,0.2,0.3,0.5,0.9          A_{SS}   deltaRLL_SC             	 10       3,3.3,3.6,3.9,4.3,4.7,5.2,5.8,6.5,7.2,9	        #DeltaR_{SS}
ASimLL_SC                       5      0,0.1,0.2,0.3,0.5,0.9          A_{SS}   deltaRLL_Z              	 10       3,3.3,3.6,3.9,4.3,4.7,5.2,5.8,6.5,7.2,9	        #DeltaR_{SFOS}
ASimLL_SC                       5      0,0.1,0.2,0.3,0.5,0.9          A_{SS}   ptj2                       10     30,40,50,70,80,90,110,140,180,250,400         p_{T}^{j2}
ASimLL_SC                       5      0,0.1,0.2,0.3,0.5,0.9          A_{SS}   detajj                     8      3,3.5,4,4.35,4.7,5,5.5,6.3,8.5           #Delta#eta_{jj}
ASimLL_SC                       5      0,0.1,0.2,0.3,0.5,0.9          A_{SS}   mjj                        10     700,900,1100,1300,1400,1600,1800,2200,2800,3500,5000         m_{jj}
ASimLL_SC                       5      0,0.1,0.2,0.3,0.5,0.9          A_{SS}   ptjj                       10     700,900,1100,1300,1400,1600,1800,2200,2800,3500,5000         p_{T}^{jj}
ASimLL_SC                       5      0,0.1,0.2,0.3,0.5,0.9          A_{SS}   ptl2                       8      20,30,40,50,60,70,100,150,300         p_{T}^{l2}
ASimLL_SC                       5      0,0.1,0.2,0.3,0.5,0.9          A_{SS}   ptl3                       8      20,30,40,50,60,70,100,150,300         p_{T}^{l3}
ASimLL_SC                       5      0,0.1,0.2,0.3,0.5,0.9          A_{SS}   ptll                       8      20,60,80,100,130,160,200,250,400         p_{T}^{ll}
ASimLL_SC                       5      0,0.1,0.2,0.3,0.5,0.9          A_{SS}   ptlll                       8      20,60,80,100,130,160,200,250,400         p_{T}^{lll}
ASimLL_SC                       5      0,0.1,0.2,0.3,0.5,0.9          A_{SS}   ptLLLMet                   10     30,40,50,70,80,90,110,140,180,250,400         p_{T}^{lllmet}
ASimLL_SC                       5      0,0.1,0.2,0.3,0.5,0.9          A_{SS}   ptJJ_LLLMet                     10     30,40,50,70,80,90,110,140,180,250,400         p_{T}^{jjlllmet}
ASimLL_SC                       5      0,0.1,0.2,0.3,0.5,0.9          A_{SS}   mll                        8      20,60,80,100,130,160,200,250,400         m_{ll}
ASimLL_SC                       5      0,0.1,0.2,0.3,0.5,0.9          A_{SS}   mlll                       8      20,60,80,100,130,160,200,250,400         m_{lll}
ASimLL_SC                       5      0,0.1,0.2,0.3,0.5,0.9          A_{SS}   mTwz                       8      20,60,80,100,130,160,200,250,400         m_{T}^{lllmet}
#
ASimLL_Z                       5      0,0.1,0.2,0.3,0.5,0.9          A_{SFOS}   RLL_SC                     8      0,0.3,0.6,0.9,1.5,2.5,4,6,10          R_{SS}
ASimLL_Z                       5      0,0.1,0.2,0.3,0.5,0.9          A_{SFOS}   RLL_Z                      8      0,0.3,0.6,0.9,1.5,2.5,4,6,10          R_{SFOS}
ASimLL_Z                       5      0,0.1,0.2,0.3,0.5,0.9          A_{SFOS}   DeltaPhi_JJ                8      0,0.4,0.8,1.2,1.6,2,2.4,2.8,3.14        #Delta#phi_{jj}
ASimLL_Z                       5      0,0.1,0.2,0.3,0.5,0.9          A_{SFOS}   deltaPhiLL_SC              8      0,0.4,0.8,1.2,1.6,2,2.4,2.8,3.14        #Delta#phi_{SS}
ASimLL_Z                       5      0,0.1,0.2,0.3,0.5,0.9          A_{SFOS}   deltaPhiLL_Z               8      0,0.4,0.8,1.2,1.6,2,2.4,2.8,3.14        #Delta#phi_{SFOS}
ASimLL_Z                       5      0,0.1,0.2,0.3,0.5,0.9          A_{SFOS}   deltaEtaLL_SC              10       3,3.3,3.6,3.9,4.3,4.7,5.2,5.8,6.5,7.2,9	        #Delta#eta_{SS}
ASimLL_Z                       5      0,0.1,0.2,0.3,0.5,0.9          A_{SFOS}   deltaEtaLL_Z               10       3,3.3,3.6,3.9,4.3,4.7,5.2,5.8,6.5,7.2,9	        #Delta#eta_{SFOS}
ASimLL_Z                       5      0,0.1,0.2,0.3,0.5,0.9          A_{SFOS}   deltaRLL_SC             	 10       3,3.3,3.6,3.9,4.3,4.7,5.2,5.8,6.5,7.2,9	        #DeltaR_{SS}
ASimLL_Z                       5      0,0.1,0.2,0.3,0.5,0.9          A_{SFOS}   deltaRLL_Z              	 10       3,3.3,3.6,3.9,4.3,4.7,5.2,5.8,6.5,7.2,9	        #DeltaR_{SFOS}
ASimLL_Z                       5      0,0.1,0.2,0.3,0.5,0.9          A_{SFOS}   ptj2                       10     30,40,50,70,80,90,110,140,180,250,400         p_{T}^{j2}
ASimLL_Z                       5      0,0.1,0.2,0.3,0.5,0.9          A_{SFOS}   detajj                     8      3,3.5,4,4.35,4.7,5,5.5,6.3,8.5           #Delta#eta_{jj}
ASimLL_Z                       5      0,0.1,0.2,0.3,0.5,0.9          A_{SFOS}   mjj                        10     700,900,1100,1300,1400,1600,1800,2200,2800,3500,5000         m_{jj}
ASimLL_Z                       5      0,0.1,0.2,0.3,0.5,0.9          A_{SFOS}   ptjj                       10     700,900,1100,1300,1400,1600,1800,2200,2800,3500,5000         p_{T}^{jj}
ASimLL_Z                       5      0,0.1,0.2,0.3,0.5,0.9          A_{SFOS}   ptl2                       8      20,30,40,50,60,70,100,150,300         p_{T}^{l2}
ASimLL_Z                       5      0,0.1,0.2,0.3,0.5,0.9          A_{SFOS}   ptl3                       8      20,30,40,50,60,70,100,150,300         p_{T}^{l3}
ASimLL_Z                       5      0,0.1,0.2,0.3,0.5,0.9          A_{SFOS}   ptll                       8      20,60,80,100,130,160,200,250,400         p_{T}^{ll}
ASimLL_Z                       5      0,0.1,0.2,0.3,0.5,0.9          A_{SFOS}   ptlll                       8      20,60,80,100,130,160,200,250,400         p_{T}^{lll}
ASimLL_Z                       5      0,0.1,0.2,0.3,0.5,0.9          A_{SFOS}   ptLLLMet                   10     30,40,50,70,80,90,110,140,180,250,400         p_{T}^{lllmet}
ASimLL_Z                       5      0,0.1,0.2,0.3,0.5,0.9          A_{SFOS}   ptJJ_LLLMet                     10     30,40,50,70,80,90,110,140,180,250,400         p_{T}^{jjlllmet}
ASimLL_Z                       5      0,0.1,0.2,0.3,0.5,0.9          A_{SFOS}   mll                        8      20,60,80,100,130,160,200,250,400         m_{ll}
ASimLL_Z                       5      0,0.1,0.2,0.3,0.5,0.9          A_{SFOS}   mlll                       8      20,60,80,100,130,160,200,250,400         m_{lll}
ASimLL_Z                       5      0,0.1,0.2,0.3,0.5,0.9          A_{SFOS}   mTwz                       8      20,60,80,100,130,160,200,250,400         m_{T}^{lllmet}
#
RLL_SC                     8      0,0.3,0.6,0.9,1.5,2.5,4,6,10          R_{SS}   RLL_Z                      8      0,0.3,0.6,0.9,1.5,2.5,4,6,10          R_{SFOS}
RLL_SC                     8      0,0.3,0.6,0.9,1.5,2.5,4,6,10          R_{SS}   DeltaPhi_JJ                8      0,0.4,0.8,1.2,1.6,2,2.4,2.8,3.14        #Delta#phi_{jj}
RLL_SC                     8      0,0.3,0.6,0.9,1.5,2.5,4,6,10          R_{SS}   deltaPhiLL_SC              8      0,0.4,0.8,1.2,1.6,2,2.4,2.8,3.14        #Delta#phi_{SS}
RLL_SC                     8      0,0.3,0.6,0.9,1.5,2.5,4,6,10          R_{SS}   deltaPhiLL_Z               8      0,0.4,0.8,1.2,1.6,2,2.4,2.8,3.14        #Delta#phi_{SFOS}
RLL_SC                     8      0,0.3,0.6,0.9,1.5,2.5,4,6,10          R_{SS}   deltaEtaLL_SC              10       3,3.3,3.6,3.9,4.3,4.7,5.2,5.8,6.5,7.2,9	        #Delta#eta_{SS}
RLL_SC                     8      0,0.3,0.6,0.9,1.5,2.5,4,6,10          R_{SS}   deltaEtaLL_Z               10       3,3.3,3.6,3.9,4.3,4.7,5.2,5.8,6.5,7.2,9	        #Delta#eta_{SFOS}
RLL_SC                     8      0,0.3,0.6,0.9,1.5,2.5,4,6,10          R_{SS}   deltaRLL_SC             	 10       3,3.3,3.6,3.9,4.3,4.7,5.2,5.8,6.5,7.2,9	        #DeltaR_{SS}
RLL_SC                     8      0,0.3,0.6,0.9,1.5,2.5,4,6,10          R_{SS}   deltaRLL_Z              	 10       3,3.3,3.6,3.9,4.3,4.7,5.2,5.8,6.5,7.2,9	        #DeltaR_{SFOS}
RLL_SC                     8      0,0.3,0.6,0.9,1.5,2.5,4,6,10          R_{SS}   ptj2                       10     30,40,50,70,80,90,110,140,180,250,400         p_{T}^{j2}
RLL_SC                     8      0,0.3,0.6,0.9,1.5,2.5,4,6,10          R_{SS}   detajj                     8      3,3.5,4,4.35,4.7,5,5.5,6.3,8.5           #Delta#eta_{jj}
RLL_SC                     8      0,0.3,0.6,0.9,1.5,2.5,4,6,10          R_{SS}   mjj                        10     700,900,1100,1300,1400,1600,1800,2200,2800,3500,5000         m_{jj}
RLL_SC                     8      0,0.3,0.6,0.9,1.5,2.5,4,6,10          R_{SS}   ptjj                       10     700,900,1100,1300,1400,1600,1800,2200,2800,3500,5000         p_{T}^{jj}
RLL_SC                     8      0,0.3,0.6,0.9,1.5,2.5,4,6,10          R_{SS}   ptl2                       8      20,30,40,50,60,70,100,150,300         p_{T}^{l2}
RLL_SC                     8      0,0.3,0.6,0.9,1.5,2.5,4,6,10          R_{SS}   ptl3                       8      20,30,40,50,60,70,100,150,300         p_{T}^{l3}
RLL_SC                     8      0,0.3,0.6,0.9,1.5,2.5,4,6,10          R_{SS}   ptll                       8      20,60,80,100,130,160,200,250,400         p_{T}^{ll}
RLL_SC                     8      0,0.3,0.6,0.9,1.5,2.5,4,6,10          R_{SS}   ptlll                       8      20,60,80,100,130,160,200,250,400         p_{T}^{lll}
RLL_SC                     8      0,0.3,0.6,0.9,1.5,2.5,4,6,10          R_{SS}   ptLLLMet                   10     30,40,50,70,80,90,110,140,180,250,400         p_{T}^{lllmet}
RLL_SC                     8      0,0.3,0.6,0.9,1.5,2.5,4,6,10          R_{SS}   ptJJ_LLLMet                     10     30,40,50,70,80,90,110,140,180,250,400         p_{T}^{jjlllmet}
RLL_SC                     8      0,0.3,0.6,0.9,1.5,2.5,4,6,10          R_{SS}   mll                        8      20,60,80,100,130,160,200,250,400         m_{ll}
RLL_SC                     8      0,0.3,0.6,0.9,1.5,2.5,4,6,10          R_{SS}   mlll                       8      20,60,80,100,130,160,200,250,400         m_{lll}
RLL_SC                     8      0,0.3,0.6,0.9,1.5,2.5,4,6,10          R_{SS}   mTwz                       8      20,60,80,100,130,160,200,250,400         m_{T}^{lllmet}
#
RLL_Z                      8      0,0.3,0.6,0.9,1.5,2.5,4,6,10          R_{SFOS}   DeltaPhi_JJ                8      0,0.4,0.8,1.2,1.6,2,2.4,2.8,3.14        #Delta#phi_{jj}
RLL_Z                      8      0,0.3,0.6,0.9,1.5,2.5,4,6,10          R_{SFOS}   deltaPhiLL_SC              8      0,0.4,0.8,1.2,1.6,2,2.4,2.8,3.14        #Delta#phi_{SS}
RLL_Z                      8      0,0.3,0.6,0.9,1.5,2.5,4,6,10          R_{SFOS}   deltaPhiLL_Z               8      0,0.4,0.8,1.2,1.6,2,2.4,2.8,3.14        #Delta#phi_{SFOS}
RLL_Z                      8      0,0.3,0.6,0.9,1.5,2.5,4,6,10          R_{SFOS}   deltaEtaLL_SC              10       3,3.3,3.6,3.9,4.3,4.7,5.2,5.8,6.5,7.2,9	        #Delta#eta_{SS}
RLL_Z                      8      0,0.3,0.6,0.9,1.5,2.5,4,6,10          R_{SFOS}   deltaEtaLL_Z               10       3,3.3,3.6,3.9,4.3,4.7,5.2,5.8,6.5,7.2,9	        #Delta#eta_{SFOS}
RLL_Z                      8      0,0.3,0.6,0.9,1.5,2.5,4,6,10          R_{SFOS}   deltaRLL_SC             	 10       3,3.3,3.6,3.9,4.3,4.7,5.2,5.8,6.5,7.2,9	        #DeltaR_{SS}
RLL_Z                      8      0,0.3,0.6,0.9,1.5,2.5,4,6,10          R_{SFOS}   deltaRLL_Z              	 10       3,3.3,3.6,3.9,4.3,4.7,5.2,5.8,6.5,7.2,9	        #DeltaR_{SFOS}
RLL_Z                      8      0,0.3,0.6,0.9,1.5,2.5,4,6,10          R_{SFOS}   ptj2                       10     30,40,50,70,80,90,110,140,180,250,400         p_{T}^{j2}
RLL_Z                      8      0,0.3,0.6,0.9,1.5,2.5,4,6,10          R_{SFOS}   detajj                     8      3,3.5,4,4.35,4.7,5,5.5,6.3,8.5           #Delta#eta_{jj}
RLL_Z                      8      0,0.3,0.6,0.9,1.5,2.5,4,6,10          R_{SFOS}   mjj                        10     700,900,1100,1300,1400,1600,1800,2200,2800,3500,5000         m_{jj}
RLL_Z                      8      0,0.3,0.6,0.9,1.5,2.5,4,6,10          R_{SFOS}   ptjj                       10     700,900,1100,1300,1400,1600,1800,2200,2800,3500,5000         p_{T}^{jj}
RLL_Z                      8      0,0.3,0.6,0.9,1.5,2.5,4,6,10          R_{SFOS}   ptl2                       8      20,30,40,50,60,70,100,150,300         p_{T}^{l2}
RLL_Z                      8      0,0.3,0.6,0.9,1.5,2.5,4,6,10          R_{SFOS}   ptl3                       8      20,30,40,50,60,70,100,150,300         p_{T}^{l3}
RLL_Z                      8      0,0.3,0.6,0.9,1.5,2.5,4,6,10          R_{SFOS}   ptll                       8      20,60,80,100,130,160,200,250,400         p_{T}^{ll}
RLL_Z                      8      0,0.3,0.6,0.9,1.5,2.5,4,6,10          R_{SFOS}   ptlll                       8      20,60,80,100,130,160,200,250,400         p_{T}^{lll}
RLL_Z                      8      0,0.3,0.6,0.9,1.5,2.5,4,6,10          R_{SFOS}   ptLLLMet                   10     30,40,50,70,80,90,110,140,180,250,400         p_{T}^{lllmet}
RLL_Z                      8      0,0.3,0.6,0.9,1.5,2.5,4,6,10          R_{SFOS}   ptJJ_LLLMet                     10     30,40,50,70,80,90,110,140,180,250,400         p_{T}^{jjlllmet}
RLL_Z                      8      0,0.3,0.6,0.9,1.5,2.5,4,6,10          R_{SFOS}   mll                        8      20,60,80,100,130,160,200,250,400         m_{ll}
RLL_Z                      8      0,0.3,0.6,0.9,1.5,2.5,4,6,10          R_{SFOS}   mlll                       8      20,60,80,100,130,160,200,250,400         m_{lll}
RLL_Z                      8      0,0.3,0.6,0.9,1.5,2.5,4,6,10          R_{SFOS}   mTwz                       8      20,60,80,100,130,160,200,250,400         m_{T}^{lllmet}
#
DeltaPhi_JJ                8      0,0.4,0.8,1.2,1.6,2,2.4,2.8,3.14        #Delta#phi_{jj}   deltaPhiLL_SC              8      0,0.4,0.8,1.2,1.6,2,2.4,2.8,3.14        #Delta#phi_{SS}
DeltaPhi_JJ                8      0,0.4,0.8,1.2,1.6,2,2.4,2.8,3.14        #Delta#phi_{jj}   deltaPhiLL_Z               8      0,0.4,0.8,1.2,1.6,2,2.4,2.8,3.14        #Delta#phi_{SFOS}
DeltaPhi_JJ                8      0,0.4,0.8,1.2,1.6,2,2.4,2.8,3.14        #Delta#phi_{jj}   deltaEtaLL_SC              10       3,3.3,3.6,3.9,4.3,4.7,5.2,5.8,6.5,7.2,9	        #Delta#eta_{SS}
DeltaPhi_JJ                8      0,0.4,0.8,1.2,1.6,2,2.4,2.8,3.14        #Delta#phi_{jj}   deltaEtaLL_Z               10       3,3.3,3.6,3.9,4.3,4.7,5.2,5.8,6.5,7.2,9	        #Delta#eta_{SFOS}
DeltaPhi_JJ                8      0,0.4,0.8,1.2,1.6,2,2.4,2.8,3.14        #Delta#phi_{jj}   deltaRLL_SC             	 10       3,3.3,3.6,3.9,4.3,4.7,5.2,5.8,6.5,7.2,9	        #DeltaR_{SS}
DeltaPhi_JJ                8      0,0.4,0.8,1.2,1.6,2,2.4,2.8,3.14        #Delta#phi_{jj}   deltaRLL_Z              	 10       3,3.3,3.6,3.9,4.3,4.7,5.2,5.8,6.5,7.2,9	        #DeltaR_{SFOS}
DeltaPhi_JJ                8      0,0.4,0.8,1.2,1.6,2,2.4,2.8,3.14        #Delta#phi_{jj}   ptj2                       10     30,40,50,70,80,90,110,140,180,250,400         p_{T}^{j2}
DeltaPhi_JJ                8      0,0.4,0.8,1.2,1.6,2,2.4,2.8,3.14        #Delta#phi_{jj}   detajj                     8      3,3.5,4,4.35,4.7,5,5.5,6.3,8.5           #Delta#eta_{jj}
DeltaPhi_JJ                8      0,0.4,0.8,1.2,1.6,2,2.4,2.8,3.14        #Delta#phi_{jj}   mjj                        10     700,900,1100,1300,1400,1600,1800,2200,2800,3500,5000         m_{jj}
DeltaPhi_JJ                8      0,0.4,0.8,1.2,1.6,2,2.4,2.8,3.14        #Delta#phi_{jj}   ptjj                       10     700,900,1100,1300,1400,1600,1800,2200,2800,3500,5000         p_{T}^{jj}
DeltaPhi_JJ                8      0,0.4,0.8,1.2,1.6,2,2.4,2.8,3.14        #Delta#phi_{jj}   ptl2                       8      20,30,40,50,60,70,100,150,300         p_{T}^{l2}
DeltaPhi_JJ                8      0,0.4,0.8,1.2,1.6,2,2.4,2.8,3.14        #Delta#phi_{jj}   ptl3                       8      20,30,40,50,60,70,100,150,300         p_{T}^{l3}
DeltaPhi_JJ                8      0,0.4,0.8,1.2,1.6,2,2.4,2.8,3.14        #Delta#phi_{jj}   ptll                       8      20,60,80,100,130,160,200,250,400         p_{T}^{ll}
DeltaPhi_JJ                8      0,0.4,0.8,1.2,1.6,2,2.4,2.8,3.14        #Delta#phi_{jj}   ptlll                       8      20,60,80,100,130,160,200,250,400         p_{T}^{lll}
DeltaPhi_JJ                8      0,0.4,0.8,1.2,1.6,2,2.4,2.8,3.14        #Delta#phi_{jj}   ptLLLMet                   10     30,40,50,70,80,90,110,140,180,250,400         p_{T}^{lllmet}
DeltaPhi_JJ                8      0,0.4,0.8,1.2,1.6,2,2.4,2.8,3.14        #Delta#phi_{jj}   ptJJ_LLLMet                     10     30,40,50,70,80,90,110,140,180,250,400         p_{T}^{jjlllmet}
DeltaPhi_JJ                8      0,0.4,0.8,1.2,1.6,2,2.4,2.8,3.14        #Delta#phi_{jj}   mll                        8      20,60,80,100,130,160,200,250,400         m_{ll}
DeltaPhi_JJ                8      0,0.4,0.8,1.2,1.6,2,2.4,2.8,3.14        #Delta#phi_{jj}   mlll                       8      20,60,80,100,130,160,200,250,400         m_{lll}
DeltaPhi_JJ                8      0,0.4,0.8,1.2,1.6,2,2.4,2.8,3.14        #Delta#phi_{jj}   mTwz                       8      20,60,80,100,130,160,200,250,400         m_{T}^{lllmet}
#
deltaPhiLL_SC              8      0,0.4,0.8,1.2,1.6,2,2.4,2.8,3.14        #Delta#phi_{SS}   deltaPhiLL_Z               8      0,0.4,0.8,1.2,1.6,2,2.4,2.8,3.14        #Delta#phi_{SFOS}
deltaPhiLL_SC              8      0,0.4,0.8,1.2,1.6,2,2.4,2.8,3.14        #Delta#phi_{SS}   deltaEtaLL_SC              10       3,3.3,3.6,3.9,4.3,4.7,5.2,5.8,6.5,7.2,9	        #Delta#eta_{SS}
deltaPhiLL_SC              8      0,0.4,0.8,1.2,1.6,2,2.4,2.8,3.14        #Delta#phi_{SS}   deltaEtaLL_Z               10       3,3.3,3.6,3.9,4.3,4.7,5.2,5.8,6.5,7.2,9	        #Delta#eta_{SFOS}
deltaPhiLL_SC              8      0,0.4,0.8,1.2,1.6,2,2.4,2.8,3.14        #Delta#phi_{SS}   deltaRLL_SC             	 10       3,3.3,3.6,3.9,4.3,4.7,5.2,5.8,6.5,7.2,9	        #DeltaR_{SS}
deltaPhiLL_SC              8      0,0.4,0.8,1.2,1.6,2,2.4,2.8,3.14        #Delta#phi_{SS}   deltaRLL_Z              	 10       3,3.3,3.6,3.9,4.3,4.7,5.2,5.8,6.5,7.2,9	        #DeltaR_{SFOS}
deltaPhiLL_SC              8      0,0.4,0.8,1.2,1.6,2,2.4,2.8,3.14        #Delta#phi_{SS}   ptj2                       10     30,40,50,70,80,90,110,140,180,250,400         p_{T}^{j2}
deltaPhiLL_SC              8      0,0.4,0.8,1.2,1.6,2,2.4,2.8,3.14        #Delta#phi_{SS}   detajj                     8      3,3.5,4,4.35,4.7,5,5.5,6.3,8.5           #Delta#eta_{jj}
deltaPhiLL_SC              8      0,0.4,0.8,1.2,1.6,2,2.4,2.8,3.14        #Delta#phi_{SS}   mjj                        10     700,900,1100,1300,1400,1600,1800,2200,2800,3500,5000         m_{jj}
deltaPhiLL_SC              8      0,0.4,0.8,1.2,1.6,2,2.4,2.8,3.14        #Delta#phi_{SS}   ptjj                       10     700,900,1100,1300,1400,1600,1800,2200,2800,3500,5000         p_{T}^{jj}
deltaPhiLL_SC              8      0,0.4,0.8,1.2,1.6,2,2.4,2.8,3.14        #Delta#phi_{SS}   ptl2                       8      20,30,40,50,60,70,100,150,300         p_{T}^{l2}
deltaPhiLL_SC              8      0,0.4,0.8,1.2,1.6,2,2.4,2.8,3.14        #Delta#phi_{SS}   ptl3                       8      20,30,40,50,60,70,100,150,300         p_{T}^{l3}
deltaPhiLL_SC              8      0,0.4,0.8,1.2,1.6,2,2.4,2.8,3.14        #Delta#phi_{SS}   ptll                       8      20,60,80,100,130,160,200,250,400         p_{T}^{ll}
deltaPhiLL_SC              8      0,0.4,0.8,1.2,1.6,2,2.4,2.8,3.14        #Delta#phi_{SS}   ptlll                       8      20,60,80,100,130,160,200,250,400         p_{T}^{lll}
deltaPhiLL_SC              8      0,0.4,0.8,1.2,1.6,2,2.4,2.8,3.14        #Delta#phi_{SS}   ptLLLMet                   10     30,40,50,70,80,90,110,140,180,250,400         p_{T}^{lllmet}
deltaPhiLL_SC              8      0,0.4,0.8,1.2,1.6,2,2.4,2.8,3.14        #Delta#phi_{SS}   ptJJ_LLLMet                     10     30,40,50,70,80,90,110,140,180,250,400         p_{T}^{jjlllmet}
deltaPhiLL_SC              8      0,0.4,0.8,1.2,1.6,2,2.4,2.8,3.14        #Delta#phi_{SS}   mll                        8      20,60,80,100,130,160,200,250,400         m_{ll}
deltaPhiLL_SC              8      0,0.4,0.8,1.2,1.6,2,2.4,2.8,3.14        #Delta#phi_{SS}   mlll                       8      20,60,80,100,130,160,200,250,400         m_{lll}
deltaPhiLL_SC              8      0,0.4,0.8,1.2,1.6,2,2.4,2.8,3.14        #Delta#phi_{SS}   mTwz                       8      20,60,80,100,130,160,200,250,400         m_{T}^{lllmet}
#
deltaPhiLL_Z               8      0,0.4,0.8,1.2,1.6,2,2.4,2.8,3.14        #Delta#phi_{SFOS}   deltaEtaLL_SC              10       3,3.3,3.6,3.9,4.3,4.7,5.2,5.8,6.5,7.2,9	        #Delta#eta_{SS}
deltaPhiLL_Z               8      0,0.4,0.8,1.2,1.6,2,2.4,2.8,3.14        #Delta#phi_{SFOS}   deltaEtaLL_Z               10       3,3.3,3.6,3.9,4.3,4.7,5.2,5.8,6.5,7.2,9	        #Delta#eta_{SFOS}
deltaPhiLL_Z               8      0,0.4,0.8,1.2,1.6,2,2.4,2.8,3.14        #Delta#phi_{SFOS}   deltaRLL_SC             	 10       3,3.3,3.6,3.9,4.3,4.7,5.2,5.8,6.5,7.2,9	        #DeltaR_{SS}
deltaPhiLL_Z               8      0,0.4,0.8,1.2,1.6,2,2.4,2.8,3.14        #Delta#phi_{SFOS}   deltaRLL_Z              	 10       3,3.3,3.6,3.9,4.3,4.7,5.2,5.8,6.5,7.2,9	        #DeltaR_{SFOS}
deltaPhiLL_Z               8      0,0.4,0.8,1.2,1.6,2,2.4,2.8,3.14        #Delta#phi_{SFOS}   ptj2                       10     30,40,50,70,80,90,110,140,180,250,400         p_{T}^{j2}
deltaPhiLL_Z               8      0,0.4,0.8,1.2,1.6,2,2.4,2.8,3.14        #Delta#phi_{SFOS}   detajj                     8      3,3.5,4,4.35,4.7,5,5.5,6.3,8.5           #Delta#eta_{jj}
deltaPhiLL_Z               8      0,0.4,0.8,1.2,1.6,2,2.4,2.8,3.14        #Delta#phi_{SFOS}   mjj                        10     700,900,1100,1300,1400,1600,1800,2200,2800,3500,5000         m_{jj}
deltaPhiLL_Z               8      0,0.4,0.8,1.2,1.6,2,2.4,2.8,3.14        #Delta#phi_{SFOS}   ptjj                       10     700,900,1100,1300,1400,1600,1800,2200,2800,3500,5000         p_{T}^{jj}
deltaPhiLL_Z               8      0,0.4,0.8,1.2,1.6,2,2.4,2.8,3.14        #Delta#phi_{SFOS}   ptl2                       8      20,30,40,50,60,70,100,150,300         p_{T}^{l2}
deltaPhiLL_Z               8      0,0.4,0.8,1.2,1.6,2,2.4,2.8,3.14        #Delta#phi_{SFOS}   ptl3                       8      20,30,40,50,60,70,100,150,300         p_{T}^{l3}
deltaPhiLL_Z               8      0,0.4,0.8,1.2,1.6,2,2.4,2.8,3.14        #Delta#phi_{SFOS}   ptll                       8      20,60,80,100,130,160,200,250,400         p_{T}^{ll}
deltaPhiLL_Z               8      0,0.4,0.8,1.2,1.6,2,2.4,2.8,3.14        #Delta#phi_{SFOS}   ptlll                       8      20,60,80,100,130,160,200,250,400         p_{T}^{lll}
deltaPhiLL_Z               8      0,0.4,0.8,1.2,1.6,2,2.4,2.8,3.14        #Delta#phi_{SFOS}   ptLLLMet                   10     30,40,50,70,80,90,110,140,180,250,400         p_{T}^{lllmet}
deltaPhiLL_Z               8      0,0.4,0.8,1.2,1.6,2,2.4,2.8,3.14        #Delta#phi_{SFOS}   ptJJ_LLLMet                     10     30,40,50,70,80,90,110,140,180,250,400         p_{T}^{jjlllmet}
deltaPhiLL_Z               8      0,0.4,0.8,1.2,1.6,2,2.4,2.8,3.14        #Delta#phi_{SFOS}   mll                        8      20,60,80,100,130,160,200,250,400         m_{ll}
deltaPhiLL_Z               8      0,0.4,0.8,1.2,1.6,2,2.4,2.8,3.14        #Delta#phi_{SFOS}   mlll                       8      20,60,80,100,130,160,200,250,400         m_{lll}
deltaPhiLL_Z               8      0,0.4,0.8,1.2,1.6,2,2.4,2.8,3.14        #Delta#phi_{SFOS}   mTwz                       8      20,60,80,100,130,160,200,250,400         m_{T}^{lllmet}
#
deltaEtaLL_SC              10       3,3.3,3.6,3.9,4.3,4.7,5.2,5.8,6.5,7.2,9	        #Delta#eta_{SS}   deltaEtaLL_Z               10       3,3.3,3.6,3.9,4.3,4.7,5.2,5.8,6.5,7.2,9	        #Delta#eta_{SFOS}
deltaEtaLL_SC              10       3,3.3,3.6,3.9,4.3,4.7,5.2,5.8,6.5,7.2,9	        #Delta#eta_{SS}   deltaRLL_SC             	 10       3,3.3,3.6,3.9,4.3,4.7,5.2,5.8,6.5,7.2,9	        #DeltaR_{SS}
deltaEtaLL_SC              10       3,3.3,3.6,3.9,4.3,4.7,5.2,5.8,6.5,7.2,9	        #Delta#eta_{SS}   deltaRLL_Z              	 10       3,3.3,3.6,3.9,4.3,4.7,5.2,5.8,6.5,7.2,9	        #DeltaR_{SFOS}
deltaEtaLL_SC              10       3,3.3,3.6,3.9,4.3,4.7,5.2,5.8,6.5,7.2,9	        #Delta#eta_{SS}   ptj2                       10     30,40,50,70,80,90,110,140,180,250,400         p_{T}^{j2}
deltaEtaLL_SC              10       3,3.3,3.6,3.9,4.3,4.7,5.2,5.8,6.5,7.2,9	        #Delta#eta_{SS}   detajj                     8      3,3.5,4,4.35,4.7,5,5.5,6.3,8.5           #Delta#eta_{jj}
deltaEtaLL_SC              10       3,3.3,3.6,3.9,4.3,4.7,5.2,5.8,6.5,7.2,9	        #Delta#eta_{SS}   mjj                        10     700,900,1100,1300,1400,1600,1800,2200,2800,3500,5000         m_{jj}
deltaEtaLL_SC              10       3,3.3,3.6,3.9,4.3,4.7,5.2,5.8,6.5,7.2,9	        #Delta#eta_{SS}   ptjj                       10     700,900,1100,1300,1400,1600,1800,2200,2800,3500,5000         p_{T}^{jj}
deltaEtaLL_SC              10       3,3.3,3.6,3.9,4.3,4.7,5.2,5.8,6.5,7.2,9	        #Delta#eta_{SS}   ptl2                       8      20,30,40,50,60,70,100,150,300         p_{T}^{l2}
deltaEtaLL_SC              10       3,3.3,3.6,3.9,4.3,4.7,5.2,5.8,6.5,7.2,9	        #Delta#eta_{SS}   ptl3                       8      20,30,40,50,60,70,100,150,300         p_{T}^{l3}
deltaEtaLL_SC              10       3,3.3,3.6,3.9,4.3,4.7,5.2,5.8,6.5,7.2,9	        #Delta#eta_{SS}   ptll                       8      20,60,80,100,130,160,200,250,400         p_{T}^{ll}
deltaEtaLL_SC              10       3,3.3,3.6,3.9,4.3,4.7,5.2,5.8,6.5,7.2,9	        #Delta#eta_{SS}   ptlll                       8      20,60,80,100,130,160,200,250,400         p_{T}^{lll}
deltaEtaLL_SC              10       3,3.3,3.6,3.9,4.3,4.7,5.2,5.8,6.5,7.2,9	        #Delta#eta_{SS}   ptLLLMet                   10     30,40,50,70,80,90,110,140,180,250,400         p_{T}^{lllmet}
deltaEtaLL_SC              10       3,3.3,3.6,3.9,4.3,4.7,5.2,5.8,6.5,7.2,9	        #Delta#eta_{SS}   ptJJ_LLLMet                     10     30,40,50,70,80,90,110,140,180,250,400         p_{T}^{jjlllmet}
deltaEtaLL_SC              10       3,3.3,3.6,3.9,4.3,4.7,5.2,5.8,6.5,7.2,9	        #Delta#eta_{SS}   mll                        8      20,60,80,100,130,160,200,250,400         m_{ll}
deltaEtaLL_SC              10       3,3.3,3.6,3.9,4.3,4.7,5.2,5.8,6.5,7.2,9	        #Delta#eta_{SS}   mlll                       8      20,60,80,100,130,160,200,250,400         m_{lll}
deltaEtaLL_SC              10       3,3.3,3.6,3.9,4.3,4.7,5.2,5.8,6.5,7.2,9	        #Delta#eta_{SS}   mTwz                       8      20,60,80,100,130,160,200,250,400         m_{T}^{lllmet}
#
deltaEtaLL_Z               10       3,3.3,3.6,3.9,4.3,4.7,5.2,5.8,6.5,7.2,9	        #Delta#eta_{SFOS}   deltaRLL_SC             	 10       3,3.3,3.6,3.9,4.3,4.7,5.2,5.8,6.5,7.2,9	        #DeltaR_{SS}
deltaEtaLL_Z               10       3,3.3,3.6,3.9,4.3,4.7,5.2,5.8,6.5,7.2,9	        #Delta#eta_{SFOS}   deltaRLL_Z              	 10       3,3.3,3.6,3.9,4.3,4.7,5.2,5.8,6.5,7.2,9	        #DeltaR_{SFOS}
deltaEtaLL_Z               10       3,3.3,3.6,3.9,4.3,4.7,5.2,5.8,6.5,7.2,9	        #Delta#eta_{SFOS}   ptj2                       10     30,40,50,70,80,90,110,140,180,250,400         p_{T}^{j2}
deltaEtaLL_Z               10       3,3.3,3.6,3.9,4.3,4.7,5.2,5.8,6.5,7.2,9	        #Delta#eta_{SFOS}   detajj                     8      3,3.5,4,4.35,4.7,5,5.5,6.3,8.5           #Delta#eta_{jj}
deltaEtaLL_Z               10       3,3.3,3.6,3.9,4.3,4.7,5.2,5.8,6.5,7.2,9	        #Delta#eta_{SFOS}   mjj                        10     700,900,1100,1300,1400,1600,1800,2200,2800,3500,5000         m_{jj}
deltaEtaLL_Z               10       3,3.3,3.6,3.9,4.3,4.7,5.2,5.8,6.5,7.2,9	        #Delta#eta_{SFOS}   ptjj                       10     700,900,1100,1300,1400,1600,1800,2200,2800,3500,5000         p_{T}^{jj}
deltaEtaLL_Z               10       3,3.3,3.6,3.9,4.3,4.7,5.2,5.8,6.5,7.2,9	        #Delta#eta_{SFOS}   ptl2                       8      20,30,40,50,60,70,100,150,300         p_{T}^{l2}
deltaEtaLL_Z               10       3,3.3,3.6,3.9,4.3,4.7,5.2,5.8,6.5,7.2,9	        #Delta#eta_{SFOS}   ptl3                       8      20,30,40,50,60,70,100,150,300         p_{T}^{l3}
deltaEtaLL_Z               10       3,3.3,3.6,3.9,4.3,4.7,5.2,5.8,6.5,7.2,9	        #Delta#eta_{SFOS}   ptll                       8      20,60,80,100,130,160,200,250,400         p_{T}^{ll}
deltaEtaLL_Z               10       3,3.3,3.6,3.9,4.3,4.7,5.2,5.8,6.5,7.2,9	        #Delta#eta_{SFOS}   ptlll                       8      20,60,80,100,130,160,200,250,400         p_{T}^{lll}
deltaEtaLL_Z               10       3,3.3,3.6,3.9,4.3,4.7,5.2,5.8,6.5,7.2,9	        #Delta#eta_{SFOS}   ptLLLMet                   10     30,40,50,70,80,90,110,140,180,250,400         p_{T}^{lllmet}
deltaEtaLL_Z               10       3,3.3,3.6,3.9,4.3,4.7,5.2,5.8,6.5,7.2,9	        #Delta#eta_{SFOS}   ptJJ_LLLMet                     10     30,40,50,70,80,90,110,140,180,250,400         p_{T}^{jjlllmet}
deltaEtaLL_Z               10       3,3.3,3.6,3.9,4.3,4.7,5.2,5.8,6.5,7.2,9	        #Delta#eta_{SFOS}   mll                        8      20,60,80,100,130,160,200,250,400         m_{ll}
deltaEtaLL_Z               10       3,3.3,3.6,3.9,4.3,4.7,5.2,5.8,6.5,7.2,9	        #Delta#eta_{SFOS}   mlll                       8      20,60,80,100,130,160,200,250,400         m_{lll}
deltaEtaLL_Z               10       3,3.3,3.6,3.9,4.3,4.7,5.2,5.8,6.5,7.2,9	        #Delta#eta_{SFOS}   mTwz                       8      20,60,80,100,130,160,200,250,400         m_{T}^{lllmet}
#
deltaRLL_SC             	 10       3,3.3,3.6,3.9,4.3,4.7,5.2,5.8,6.5,7.2,9	        #DeltaR_{SS}   ptj2                       10     30,40,50,70,80,90,110,140,180,250,400         p_{T}^{j2}
deltaRLL_SC             	 10       3,3.3,3.6,3.9,4.3,4.7,5.2,5.8,6.5,7.2,9	        #DeltaR_{SS}   detajj                     8      3,3.5,4,4.35,4.7,5,5.5,6.3,8.5           #Delta#eta_{jj}
deltaRLL_SC             	 10       3,3.3,3.6,3.9,4.3,4.7,5.2,5.8,6.5,7.2,9	        #DeltaR_{SS}   mjj                        10     700,900,1100,1300,1400,1600,1800,2200,2800,3500,5000         m_{jj}
deltaRLL_SC             	 10       3,3.3,3.6,3.9,4.3,4.7,5.2,5.8,6.5,7.2,9	        #DeltaR_{SS}   ptjj                       10     700,900,1100,1300,1400,1600,1800,2200,2800,3500,5000         p_{T}^{jj}
deltaRLL_SC             	 10       3,3.3,3.6,3.9,4.3,4.7,5.2,5.8,6.5,7.2,9	        #DeltaR_{SS}   ptl2                       8      20,30,40,50,60,70,100,150,300         p_{T}^{l2}
deltaRLL_SC             	 10       3,3.3,3.6,3.9,4.3,4.7,5.2,5.8,6.5,7.2,9	        #DeltaR_{SS}   ptl3                       8      20,30,40,50,60,70,100,150,300         p_{T}^{l3}
deltaRLL_SC             	 10       3,3.3,3.6,3.9,4.3,4.7,5.2,5.8,6.5,7.2,9	        #DeltaR_{SS}   ptll                       8      20,60,80,100,130,160,200,250,400         p_{T}^{ll}
deltaRLL_SC             	 10       3,3.3,3.6,3.9,4.3,4.7,5.2,5.8,6.5,7.2,9	        #DeltaR_{SS}   ptlll                       8      20,60,80,100,130,160,200,250,400         p_{T}^{lll}
deltaRLL_SC             	 10       3,3.3,3.6,3.9,4.3,4.7,5.2,5.8,6.5,7.2,9	        #DeltaR_{SS}   ptLLLMet                   10     30,40,50,70,80,90,110,140,180,250,400         p_{T}^{lllmet}
deltaRLL_SC             	 10       3,3.3,3.6,3.9,4.3,4.7,5.2,5.8,6.5,7.2,9	        #DeltaR_{SS}   ptJJ_LLLMet                     10     30,40,50,70,80,90,110,140,180,250,400         p_{T}^{jjlllmet}
deltaRLL_SC             	 10       3,3.3,3.6,3.9,4.3,4.7,5.2,5.8,6.5,7.2,9	        #DeltaR_{SS}   mll                        8      20,60,80,100,130,160,200,250,400         m_{ll}
deltaRLL_SC             	 10       3,3.3,3.6,3.9,4.3,4.7,5.2,5.8,6.5,7.2,9	        #DeltaR_{SS}   mlll                       8      20,60,80,100,130,160,200,250,400         m_{lll}
deltaRLL_SC             	 10       3,3.3,3.6,3.9,4.3,4.7,5.2,5.8,6.5,7.2,9	        #DeltaR_{SS}   mTwz                       8      20,60,80,100,130,160,200,250,400         m_{T}^{lllmet}
#
deltaRLL_Z             	     10       3,3.3,3.6,3.9,4.3,4.7,5.2,5.8,6.5,7.2,9	        #DeltaR_{SFOS}   deltaRLL_SC              	 10       3,3.3,3.6,3.9,4.3,4.7,5.2,5.8,6.5,7.2,9	        #DeltaR_{SS}
deltaRLL_Z              	 10       3,3.3,3.6,3.9,4.3,4.7,5.2,5.8,6.5,7.2,9	        #DeltaR_{SFOS}   ptj2                       10     30,40,50,70,80,90,110,140,180,250,400         p_{T}^{j2}
deltaRLL_Z              	 10       3,3.3,3.6,3.9,4.3,4.7,5.2,5.8,6.5,7.2,9	        #DeltaR_{SFOS}   detajj                     8      3,3.5,4,4.35,4.7,5,5.5,6.3,8.5           #Delta#eta_{jj}
deltaRLL_Z              	 10       3,3.3,3.6,3.9,4.3,4.7,5.2,5.8,6.5,7.2,9	        #DeltaR_{SFOS}   mjj                        10     700,900,1100,1300,1400,1600,1800,2200,2800,3500,5000         m_{jj}
deltaRLL_Z              	 10       3,3.3,3.6,3.9,4.3,4.7,5.2,5.8,6.5,7.2,9	        #DeltaR_{SFOS}   ptjj                       10     700,900,1100,1300,1400,1600,1800,2200,2800,3500,5000         p_{T}^{jj}
deltaRLL_Z              	 10       3,3.3,3.6,3.9,4.3,4.7,5.2,5.8,6.5,7.2,9	        #DeltaR_{SFOS}   ptl2                       8      20,30,40,50,60,70,100,150,300         p_{T}^{l2}
deltaRLL_Z              	 10       3,3.3,3.6,3.9,4.3,4.7,5.2,5.8,6.5,7.2,9	        #DeltaR_{SFOS}   ptl3                       8      20,30,40,50,60,70,100,150,300         p_{T}^{l3}
deltaRLL_Z              	 10       3,3.3,3.6,3.9,4.3,4.7,5.2,5.8,6.5,7.2,9	        #DeltaR_{SFOS}   ptll                       8      20,60,80,100,130,160,200,250,400         p_{T}^{ll}
deltaRLL_Z              	 10       3,3.3,3.6,3.9,4.3,4.7,5.2,5.8,6.5,7.2,9	        #DeltaR_{SFOS}   ptlll                       8      20,60,80,100,130,160,200,250,400         p_{T}^{lll}
deltaRLL_Z              	 10       3,3.3,3.6,3.9,4.3,4.7,5.2,5.8,6.5,7.2,9	        #DeltaR_{SFOS}   ptLLLMet                   10     30,40,50,70,80,90,110,140,180,250,400         p_{T}^{lllmet}
deltaRLL_Z              	 10       3,3.3,3.6,3.9,4.3,4.7,5.2,5.8,6.5,7.2,9	        #DeltaR_{SFOS}   ptJJ_LLLMet                     10     30,40,50,70,80,90,110,140,180,250,400         p_{T}^{jjlllmet}
deltaRLL_Z              	 10       3,3.3,3.6,3.9,4.3,4.7,5.2,5.8,6.5,7.2,9	        #DeltaR_{SFOS}   mll                        8      20,60,80,100,130,160,200,250,400         m_{ll}
deltaRLL_Z              	 10       3,3.3,3.6,3.9,4.3,4.7,5.2,5.8,6.5,7.2,9	        #DeltaR_{SFOS}   mlll                       8      20,60,80,100,130,160,200,250,400         m_{lll}
deltaRLL_Z              	 10       3,3.3,3.6,3.9,4.3,4.7,5.2,5.8,6.5,7.2,9	        #DeltaR_{SFOS}   mTwz                       8      20,60,80,100,130,160,200,250,400         m_{T}^{lllmet}
#
ptj2                       10     30,40,50,70,80,90,110,140,180,250,400         p_{T}^{j2}   detajj                     8      3,3.5,4,4.35,4.7,5,5.5,6.3,8.5           #Delta#eta_{jj}
ptj2                       10     30,40,50,70,80,90,110,140,180,250,400         p_{T}^{j2}   mjj                        10     700,900,1100,1300,1400,1600,1800,2200,2800,3500,5000         m_{jj}
ptj2                       10     30,40,50,70,80,90,110,140,180,250,400         p_{T}^{j2}   ptjj                       10     700,900,1100,1300,1400,1600,1800,2200,2800,3500,5000         p_{T}^{jj}
ptj2                       10     30,40,50,70,80,90,110,140,180,250,400         p_{T}^{j2}   ptl2                       8      20,30,40,50,60,70,100,150,300         p_{T}^{l2}
ptj2                       10     30,40,50,70,80,90,110,140,180,250,400         p_{T}^{j2}   ptl3                       8      20,30,40,50,60,70,100,150,300         p_{T}^{l3}
ptj2                       10     30,40,50,70,80,90,110,140,180,250,400         p_{T}^{j2}   ptll                       8      20,60,80,100,130,160,200,250,400         p_{T}^{ll}
ptj2                       10     30,40,50,70,80,90,110,140,180,250,400         p_{T}^{j2}   ptlll                       8      20,60,80,100,130,160,200,250,400         p_{T}^{lll}
ptj2                       10     30,40,50,70,80,90,110,140,180,250,400         p_{T}^{j2}   ptLLLMet                   10     30,40,50,70,80,90,110,140,180,250,400         p_{T}^{lllmet}
ptj2                       10     30,40,50,70,80,90,110,140,180,250,400         p_{T}^{j2}   ptJJ_LLLMet                     10     30,40,50,70,80,90,110,140,180,250,400         p_{T}^{jjlllmet}
ptj2                       10     30,40,50,70,80,90,110,140,180,250,400         p_{T}^{j2}   mll                        8      20,60,80,100,130,160,200,250,400         m_{ll}
ptj2                       10     30,40,50,70,80,90,110,140,180,250,400         p_{T}^{j2}   mlll                       8      20,60,80,100,130,160,200,250,400         m_{lll}
ptj2                       10     30,40,50,70,80,90,110,140,180,250,400         p_{T}^{j2}   mTwz                       8      20,60,80,100,130,160,200,250,400         m_{T}^{lllmet}
#
detajj                     8      3,3.5,4,4.35,4.7,5,5.5,6.3,8.5           #Delta#eta_{jj}   mjj                        10     700,900,1100,1300,1400,1600,1800,2200,2800,3500,5000         m_{jj}
detajj                     8      3,3.5,4,4.35,4.7,5,5.5,6.3,8.5           #Delta#eta_{jj}   ptjj                       10     700,900,1100,1300,1400,1600,1800,2200,2800,3500,5000         p_{T}^{jj}
detajj                     8      3,3.5,4,4.35,4.7,5,5.5,6.3,8.5           #Delta#eta_{jj}   ptl2                       8      20,30,40,50,60,70,100,150,300         p_{T}^{l2}
detajj                     8      3,3.5,4,4.35,4.7,5,5.5,6.3,8.5           #Delta#eta_{jj}   ptl3                       8      20,30,40,50,60,70,100,150,300         p_{T}^{l3}
detajj                     8      3,3.5,4,4.35,4.7,5,5.5,6.3,8.5           #Delta#eta_{jj}   ptll                       8      20,60,80,100,130,160,200,250,400         p_{T}^{ll}
detajj                     8      3,3.5,4,4.35,4.7,5,5.5,6.3,8.5           #Delta#eta_{jj}   ptlll                       8      20,60,80,100,130,160,200,250,400         p_{T}^{lll}
detajj                     8      3,3.5,4,4.35,4.7,5,5.5,6.3,8.5           #Delta#eta_{jj}   ptLLLMet                   10     30,40,50,70,80,90,110,140,180,250,400         p_{T}^{lllmet}
detajj                     8      3,3.5,4,4.35,4.7,5,5.5,6.3,8.5           #Delta#eta_{jj}   ptJJ_LLLMet                     10     30,40,50,70,80,90,110,140,180,250,400         p_{T}^{jjlllmet}
detajj                     8      3,3.5,4,4.35,4.7,5,5.5,6.3,8.5           #Delta#eta_{jj}   mll                        8      20,60,80,100,130,160,200,250,400         m_{ll}
detajj                     8      3,3.5,4,4.35,4.7,5,5.5,6.3,8.5           #Delta#eta_{jj}   mlll                       8      20,60,80,100,130,160,200,250,400         m_{lll}
detajj                     8      3,3.5,4,4.35,4.7,5,5.5,6.3,8.5           #Delta#eta_{jj}   mTwz                       8      20,60,80,100,130,160,200,250,400         m_{T}^{lllmet}
#
mjj                        10     700,900,1100,1300,1400,1600,1800,2200,2800,3500,5000         m_{jj}   ptjj                       10     700,900,1100,1300,1400,1600,1800,2200,2800,3500,5000         p_{T}^{jj}
mjj                        10     700,900,1100,1300,1400,1600,1800,2200,2800,3500,5000         m_{jj}   ptl2                       8      20,30,40,50,60,70,100,150,300         p_{T}^{l2}
mjj                        10     700,900,1100,1300,1400,1600,1800,2200,2800,3500,5000         m_{jj}   ptl3                       8      20,30,40,50,60,70,100,150,300         p_{T}^{l3}
mjj                        10     700,900,1100,1300,1400,1600,1800,2200,2800,3500,5000         m_{jj}   ptll                       8      20,60,80,100,130,160,200,250,400         p_{T}^{ll}
mjj                        10     700,900,1100,1300,1400,1600,1800,2200,2800,3500,5000         m_{jj}   ptlll                       8      20,60,80,100,130,160,200,250,400         p_{T}^{lll}
mjj                        10     700,900,1100,1300,1400,1600,1800,2200,2800,3500,5000         m_{jj}   ptLLLMet                   10     30,40,50,70,80,90,110,140,180,250,400         p_{T}^{lllmet}
mjj                        10     700,900,1100,1300,1400,1600,1800,2200,2800,3500,5000         m_{jj}   ptJJ_LLLMet                     10     30,40,50,70,80,90,110,140,180,250,400         p_{T}^{jjlllmet}
mjj                        10     700,900,1100,1300,1400,1600,1800,2200,2800,3500,5000         m_{jj}   mll                        8      20,60,80,100,130,160,200,250,400         m_{ll}
mjj                        10     700,900,1100,1300,1400,1600,1800,2200,2800,3500,5000         m_{jj}   mlll                       8      20,60,80,100,130,160,200,250,400         m_{lll}
mjj                        10     700,900,1100,1300,1400,1600,1800,2200,2800,3500,5000         m_{jj}   mTwz                       8      20,60,80,100,130,160,200,250,400         m_{T}^{lllmet}
#
ptjj                       10     700,900,1100,1300,1400,1600,1800,2200,2800,3500,5000         p_{T}^{jj}   ptl2                       8      20,30,40,50,60,70,100,150,300         p_{T}^{l2}
ptjj                       10     700,900,1100,1300,1400,1600,1800,2200,2800,3500,5000         p_{T}^{jj}   ptl3                       8      20,30,40,50,60,70,100,150,300         p_{T}^{l3}
ptjj                       10     700,900,1100,1300,1400,1600,1800,2200,2800,3500,5000         p_{T}^{jj}   ptll                       8      20,60,80,100,130,160,200,250,400         p_{T}^{ll}
ptjj                       10     700,900,1100,1300,1400,1600,1800,2200,2800,3500,5000         p_{T}^{jj}   ptlll                       8      20,60,80,100,130,160,200,250,400         p_{T}^{lll}
ptjj                       10     700,900,1100,1300,1400,1600,1800,2200,2800,3500,5000         p_{T}^{jj}   ptLLLMet                   10     30,40,50,70,80,90,110,140,180,250,400         p_{T}^{lllmet}
ptjj                       10     700,900,1100,1300,1400,1600,1800,2200,2800,3500,5000         p_{T}^{jj}   ptJJ_LLLMet                     10     30,40,50,70,80,90,110,140,180,250,400         p_{T}^{jjlllmet}
ptjj                       10     700,900,1100,1300,1400,1600,1800,2200,2800,3500,5000         p_{T}^{jj}   mll                        8      20,60,80,100,130,160,200,250,400         m_{ll}
ptjj                       10     700,900,1100,1300,1400,1600,1800,2200,2800,3500,5000         p_{T}^{jj}   mlll                       8      20,60,80,100,130,160,200,250,400         m_{lll}
ptjj                       10     700,900,1100,1300,1400,1600,1800,2200,2800,3500,5000         p_{T}^{jj}   mTwz                       8      20,60,80,100,130,160,200,250,400         m_{T}^{lllmet}
#
ptl2                       8      20,30,40,50,60,70,100,150,300         p_{T}^{l2}   ptl3                       8      20,30,40,50,60,70,100,150,300         p_{T}^{l3}
ptl2                       8      20,30,40,50,60,70,100,150,300         p_{T}^{l2}   ptll                       8      20,60,80,100,130,160,200,250,400         p_{T}^{ll}
ptl2                       8      20,30,40,50,60,70,100,150,300         p_{T}^{l2}   ptlll                       8      20,60,80,100,130,160,200,250,400         p_{T}^{lll}
ptl2                       8      20,30,40,50,60,70,100,150,300         p_{T}^{l2}   ptLLLMet                   10     30,40,50,70,80,90,110,140,180,250,400         p_{T}^{lllmet}
ptl2                       8      20,30,40,50,60,70,100,150,300         p_{T}^{l2}   ptJJ_LLLMet                     10     30,40,50,70,80,90,110,140,180,250,400         p_{T}^{jjlllmet}
ptl2                       8      20,30,40,50,60,70,100,150,300         p_{T}^{l2}   mll                        8      20,60,80,100,130,160,200,250,400         m_{ll}
ptl2                       8      20,30,40,50,60,70,100,150,300         p_{T}^{l2}   mlll                       8      20,60,80,100,130,160,200,250,400         m_{lll}
ptl2                       8      20,30,40,50,60,70,100,150,300         p_{T}^{l2}   mTwz                       8      20,60,80,100,130,160,200,250,400         m_{T}^{lllmet}
ptl3                       8      20,30,40,50,60,70,100,150,300         p_{T}^{l3}   ptll                       8      20,60,80,100,130,160,200,250,400         p_{T}^{ll}
ptl3                       8      20,30,40,50,60,70,100,150,300         p_{T}^{l3}   ptlll                       8      20,60,80,100,130,160,200,250,400         p_{T}^{lll}
ptl3                       8      20,30,40,50,60,70,100,150,300         p_{T}^{l3}   ptLLLMet                   10     30,40,50,70,80,90,110,140,180,250,400         p_{T}^{lllmet}
ptl3                       8      20,30,40,50,60,70,100,150,300         p_{T}^{l3}   ptJJ_LLLMet                 10     30,40,50,70,80,90,110,140,180,250,400         p_{T}^{jjlllmet}
ptl3                       8      20,30,40,50,60,70,100,150,300         p_{T}^{l3}   mll                        8      20,60,80,100,130,160,200,250,400         m_{ll}
ptl3                       8      20,30,40,50,60,70,100,150,300         p_{T}^{l3}   mlll                       8      20,60,80,100,130,160,200,250,400         m_{lll}
ptl3                       8      20,30,40,50,60,70,100,150,300         p_{T}^{l3}   mTwz                       8      20,60,80,100,130,160,200,250,400         m_{T}^{lllmet}
#
ptll                       8      20,60,80,100,130,160,200,250,400         p_{T}^{ll}   ptlll                       8      20,60,80,100,130,160,200,250,400         p_{T}^{lll}
ptll                       8      20,60,80,100,130,160,200,250,400         p_{T}^{ll}   ptLLLMet                   10     30,40,50,70,80,90,110,140,180,250,400         p_{T}^{lllmet}
ptll                       8      20,60,80,100,130,160,200,250,400         p_{T}^{ll}   ptJJ_LLLMet                 10     30,40,50,70,80,90,110,140,180,250,400         p_{T}^{jjlllmet}
ptll                       8      20,60,80,100,130,160,200,250,400         p_{T}^{ll}   mll                        8      20,60,80,100,130,160,200,250,400         m_{ll}
ptll                       8      20,60,80,100,130,160,200,250,400         p_{T}^{ll}   mlll                       8      20,60,80,100,130,160,200,250,400         m_{lll}
ptll                       8      20,60,80,100,130,160,200,250,400         p_{T}^{ll}   mTwz                       8      20,60,80,100,130,160,200,250,400         m_{T}^{lllmet}
#
ptlll                       8      20,60,80,100,130,160,200,250,400         p_{T}^{lll}   ptLLLMet                   10     30,40,50,70,80,90,110,140,180,250,400         p_{T}^{lllmet}
ptlll                       8      20,60,80,100,130,160,200,250,400         p_{T}^{lll}   ptJJ_LLLMet                 10     30,40,50,70,80,90,110,140,180,250,400         p_{T}^{jjlllmet}
ptlll                       8      20,60,80,100,130,160,200,250,400         p_{T}^{lll}   mll                        8      20,60,80,100,130,160,200,250,400         m_{ll}
ptlll                       8      20,60,80,100,130,160,200,250,400         p_{T}^{lll}   mlll                       8      20,60,80,100,130,160,200,250,400         m_{lll}
ptlll                       8      20,60,80,100,130,160,200,250,400         p_{T}^{lll}   mTwz                       8      20,60,80,100,130,160,200,250,400         m_{T}^{lllmet}
#
ptLLLMet                   10     30,40,50,70,80,90,110,140,180,250,400         p_{T}^{lllmet}   ptJJ_LLLMet                 10     30,40,50,70,80,90,110,140,180,250,400         p_{T}^{jjlllmet}
ptLLLMet                   10     30,40,50,70,80,90,110,140,180,250,400         p_{T}^{lllmet}   mll                        8      20,60,80,100,130,160,200,250,400         m_{ll}
ptLLLMet                   10     30,40,50,70,80,90,110,140,180,250,400         p_{T}^{lllmet}   mlll                       8      20,60,80,100,130,160,200,250,400         m_{lll}
ptLLLMet                   10     30,40,50,70,80,90,110,140,180,250,400         p_{T}^{lllmet}   mTwz                       8      20,60,80,100,130,160,200,250,400         m_{T}^{lllmet}
#
ptJJ_LLLMet                 10     30,40,50,70,80,90,110,140,180,250,400         p_{T}^{jjlllmet}   mll                        8      20,60,80,100,130,160,200,250,400         m_{ll}
ptJJ_LLLMet                 10     30,40,50,70,80,90,110,140,180,250,400         p_{T}^{jjlllmet}   mlll                       8      20,60,80,100,130,160,200,250,400         m_{lll}
ptJJ_LLLMet                 10     30,40,50,70,80,90,110,140,180,250,400         p_{T}^{jjlllmet}   mTwz                       8      20,60,80,100,130,160,200,250,400         m_{T}^{lllmet}
#
mll                        8      20,60,80,100,130,160,200,250,400         m_{ll}   mlll                       8      20,60,80,100,130,160,200,250,400         m_{lll}
mll                        8      20,60,80,100,130,160,200,250,400         m_{ll}   mTwz                       8      20,60,80,100,130,160,200,250,400         m_{T}^{lllmet}
#
mlll                        8      20,60,80,100,130,160,200,250,400         m_{lll}   mTwz                       8      20,60,80,100,130,160,200,250,400         m_{T}^{lllmet}
